00000 010001000 11011
00001 101001111 01010
00010 010101011 10010
00011 100001101 00110
00100 110111011 00010
00101 100010110 10110
00110 010011010 11001
00111 001101101 10010
01000 111110010 11100
01001 000000001 11010
01010 101111110 01000
01011 100001010 10101
01100 001100101 10101
01101 001100110 00011
01110 111010011 01110
01111 011011101 11000
10000 000110010 11011
10001 000111110 11101
10010 100100111 00011
10011 001100000 11010
10100 101110010 10000
10101 001110100 10001
10110 101110010 10100
10111 101011100 10001
11000 101011101 11110
11001 011111111 00111
11010 010110110 11100
11011 000010000 10001
11100 101111000 00110
11101 100110010 11110
11110 111011011 01011
11111 010110010 00010
