0000000 0
0000000 0
0000000 0
0000000 0
0000000 0
0000000 0
0000000 0
0000000 0
0000000 0
0000001 0
0000010 0
0000011 0
0000100 0
0000101 0
0000110 0
0000111 0
0000000 0
0000010 0
0000100 0
0000110 0
0001000 0
0001010 0
0001100 0
0001110 0
0000000 0
0000011 0
0000110 0
0001001 0
0001100 0
0001111 0
0010010 0
0010101 0
0000000 0
0000100 0
0001000 0
0001100 0
ERROR: line 37
0010000 0
0010100 0
0011000 0
0011100 0
0000000 0
0000101 0
0001010 0
0001111 0
0010100 0
0011001 0
0011110 0
ERROR: line 48
0100011 0
0000000 0
0000110 0
0001100 0
0010010 0
0011000 0
0011110 0
0100100 0
0101010 0
0000000 0
0000111 0
0001110 0
0010101 0
0011100 0
ERROR: line 62
0100011 0
0101010 0
ERROR: line 64
0110001 0
0000000 0
0001000 0
ERROR: line 67
0010000 0
0011000 0
ERROR: line 69
0100000 0
0101000 0
ERROR: line 71
0110000 0
0111000 0
0000000 0
0001001 0
0010010 0
0011011 0
0100100 0
0101101 0
0110110 0
0111111 0
0000000 0
0001010 0
0010100 0
0011110 0
0101000 0
ERROR: line 86
0110010 0
0111100 0
ERROR: line 88
1000110 0
0000000 0
0001011 0
0010110 0
ERROR: line 92
0100001 0
0101100 0
0110111 0
ERROR: line 95
1000010 0
1001101 0
0000000 0
0001100 0
0011000 0
0100100 0
ERROR: line 101
0110000 0
0111100 0
ERROR: line 103
1001000 0
ERROR: line 104
1010100 0
0000000 0
0001101 0
0011010 0
0100111 0
ERROR: line 109
0110100 0
ERROR: line 110
1000001 0
1001110 0
1011011 0
0000000 0
0001110 0
0011100 0
0101010 0
0111000 0
ERROR: line 118
1000110 0
ERROR: line 119
1010100 0
ERROR: line 120
1100010 0
0000000 0
0001111 0
0011110 0
0101101 0
0111100 0
1001011 0
ERROR: line 127
1011010 0
ERROR: line 128
1101001 0
