1000000011100
0100000101111
1010001010111
0110001000110
0100001001111
0110001001000
1100001001010
0010001111000
1100010000111
0100010010011
0010010010000
1100010101110
0110011010000
0110011011000
0100011001101
1010011110110
1000011110101
0000011101110
0110100001111
1010100010110
0000100011100
1100100111100
1010101011010
0000101010010
1000101011001
0100101011011
1010101110100
1010110110111
1010111010011
0000111010010
0000111111011
1100111110100
0100111111110
0001000011110
0001000010011
1011000011000
0111000110011
0011001011000
0111001011010
0011001111010
0001001111101
0011001111011
1011010011110
1101010111010
1001011011111
0101011111111